$ 1 0.000005 10.20027730826997 50 5 50 5e-11
i 192 240 192 160 0 0.04
r 256 160 320 160 0 1
r 320 160 400 160 0 120
g 272 240 272 272 0 0
w 192 240 272 240 0
w 400 160 400 240 0
w 400 240 272 240 0
O 320 80 272 80 1 0
w 320 160 320 112 0
34 zener-2.4 1 1.7143528192810002e-7 0 2.0000000000000084 2.4 1
z 400 112 320 112 2 zener-2.4
w 400 112 400 160 0
w 320 112 320 80 0
x 275 65 308 68 4 16 ADC
x 107 172 170 196 4 18 4-20mA\\nsensor
x 416 114 519 134 4 14 2.4V\srated\szener\\ncuts\svoltage
b 93 141 244 263 0
w 192 160 256 160 0
b 147 37 330 95 0
x 159 65 204 68 4 20 MCU
o 11 64 0 4099 5 0.00009765625 0 2 11 3
o 0 64 0 4099 5 0.05 1 2 0 3
