$ 1 0.000005 22.512744558455275 99 5 50 5e-11
g 512 352 512 432 0 0
s 512 352 576 352 0 1 false
w 576 352 592 352 0
r 592 352 672 352 0 47000
c 672 352 672 416 0 0.000001 3.29882828794165 0.001
g 672 416 672 432 0 0
w 592 352 592 320 0
r 592 320 592 256 0 10000
d 592 320 672 320 2 1N5711
O 752 352 784 352 1 0
R 592 256 560 256 0 0 40 3.3 0 0 0.5
183 672 352 752 352 0 0.5 1.5 2.9 3.3 0
x 522 371 566 374 4 16 switch
x 748 335 802 338 4 24 MCU
x 546 245 588 248 4 20 VDD
w 672 320 672 352 0
o 9 64 0 4098 5 0.1 0 3 11 0 11 3
